{
 "cells": [
  {
   "cell_type": "code",
   "execution_count": 1,
   "id": "33998749-8c44-48a4-a13f-dd8055bcbd37",
   "metadata": {},
   "outputs": [],
   "source": [
    "#####################################\n",
    "#Econs 514 -- Assignment 1\n",
    "#Updated -- 1/30/23\n",
    "#By -- Suhina Deol\n",
    "#####################################\n",
    "\n",
    "#Import packages\n",
    "import os\n",
    "import numpy as np\n",
    "import pandas as pd\n",
    "import scipy.optimize as opt\n",
    "from numpy.random import randn"
   ]
  },
  {
   "cell_type": "code",
   "execution_count": 2,
   "id": "e8b20fe0-13b6-4045-aec5-ae92c414e3c5",
   "metadata": {},
   "outputs": [
    {
     "name": "stdout",
     "output_type": "stream",
     "text": [
      "          id  route   toll    median  female  age3050  distance  \\\n",
      "0    1000169      1  3.250 -4.152752       1        1     34.58   \n",
      "1    1000187      0  3.250 -4.849391       0        1     26.44   \n",
      "2    1000201      1  1.625 -4.849391       0        1     24.09   \n",
      "3    1000209      0  2.900 -3.243314       0        0     26.46   \n",
      "4    1000282      1  2.900 -2.246180       0        1     45.88   \n",
      "..       ...    ...    ...       ...     ...      ...       ...   \n",
      "433  5004374      0  1.450 -2.249893       0        1     27.97   \n",
      "434  5006382      0  1.950 -1.206373       1        0     33.47   \n",
      "435  5006513      0  2.900 -2.595311       0        1     44.56   \n",
      "436  5006568      0  2.900 -2.422315       0        0     61.02   \n",
      "437  5011583      0  2.900 -1.165325       0        0     63.60   \n",
      "\n",
      "     householdsize  high_income  med_income  occupanc  trans  cons  Alt  \n",
      "0                2            1           0         1      1   1.0    0  \n",
      "1                1            0           0         1      0   1.0    1  \n",
      "2                5            0           1         3      1   1.0    2  \n",
      "3                7            0           0         1      0   1.0    3  \n",
      "4                3            0           1         1      1   1.0    4  \n",
      "..             ...          ...         ...       ...    ...   ...  ...  \n",
      "433              6            0           0         3      1   1.0  433  \n",
      "434              5            1           0         1      0   1.0  434  \n",
      "435              4            0           0         1      0   1.0  435  \n",
      "436              1            0           0         1      0   1.0  436  \n",
      "437              2            1           0         1      0   1.0  437  \n",
      "\n",
      "[438 rows x 14 columns]\n"
     ]
    }
   ],
   "source": [
    "#####################################\n",
    "#load data as usual\n",
    "#####################################\n",
    "df = pd.read_csv(r'iCloudDrive/Documents/Econs 514 (Metrics IV)/Assignment1/assignment1_data.csv')\n",
    "df['cons'] = 1.\n",
    "df['Alt'] = range(len(df))\n",
    "print(df)\n",
    "\n",
    "#Variables\n",
    "# id, route, toll, median, femaile, age3050, distance, householdsize\n",
    "# high_income, med_income,occupanc, trans\n"
   ]
  },
  {
   "cell_type": "code",
   "execution_count": 84,
   "id": "92b9d361-0c22-4eb9-8af0-14b735d04aa3",
   "metadata": {},
   "outputs": [],
   "source": [
    "class ChoiceModels(object):\n",
    "    \n",
    "    '''\n",
    "    This class defines methods that will be used later in speficying and estimating choice models.\n",
    "    '''\n",
    "   \n",
    "    def load_data(self, path, file):\n",
    "        df = pd.read_csv(os.path.join(path, file), sep='\\s+', header=0)\n",
    "        df['cons'] = 1.\n",
    "        return df\n",
    "    \n",
    "    def expand_data(self, df, n):\n",
    "        '''\n",
    "        n : Integer\n",
    "            Number of times to expand the data\n",
    "        Returns\n",
    "        -------\n",
    "        An expanded pandas data frame with a panel structure\n",
    "        '''\n",
    "        df['Alt'] = [[str(i) for i in range(n)] for _ in range(len(df))]\n",
    "        return df.explode('Alt')\n",
    "    \n",
    "    def create_choice_attributes(self, df, config):\n",
    "        '''\n",
    "        This method creates a panel structure of data to estimate the multinomial\n",
    "        choice model speficied in the configuration file (config-- a json format file)\n",
    "        '''\n",
    "        # create dependent variable\n",
    "        y_namelist = list(config['Alternatives']['0'].keys())\n",
    "        df['choice'] = list(zip(*[df[v] for v in y_namelist]))\n",
    "        df = self.expand_data(df, len(config['Alternatives']))\n",
    "   \n",
    "        df['y'] = 0.\n",
    "        for k,v in config['Alternatives'].items():\n",
    "            label = tuple(v.values())\n",
    "            df.loc[(df[\"Alt\"]==k) & (df['choice']==label), 'y'] = 1\n",
    "        \n",
    "        # create alternative specific attributes\n",
    "        dic = config['Attributes']\n",
    "        for var,info in dic.items():\n",
    "            df[var] = 0\n",
    "            for alt, w in info['rule'].items():\n",
    "                df['junk'] = 0\n",
    "                df.loc[(df['Alt'] == alt), 'junk'] = 1\n",
    "                df[var] = df[var] + w * df[info['variable']] * df['junk'] \n",
    "        df = df.drop(\"junk\", axis='columns')\n",
    "        \n",
    "        # create interactions\n",
    "        df, xz_list = self.create_interactions(df, config['Interactions']) \n",
    "        x_list = list(config['Attributes'].keys()) + xz_list\n",
    "        return {'data': df, \"var_names\": x_list}\n",
    "    \n",
    "    \n",
    "    def create_interactions(self, df, interact_list):\n",
    "        '''\n",
    "        interact_list : a List\n",
    "            The list contains pairs of variable names as tuples\n",
    "        Returns\n",
    "        -------\n",
    "        df : pandas data frame after adding interactions\n",
    "            \n",
    "        xz_list : A list of created interactions\n",
    "        '''\n",
    "        xz_list = []\n",
    "        for item in interact_list:\n",
    "            vname = item[0] + \"_\" + item[1]\n",
    "            df[vname] = df[item[0]] * df[item[1]]\n",
    "            xz_list.append(vname)\n",
    "        return df, xz_list \n",
    "        \n",
    "        \n",
    "    def optimization(self, objfun, para):\n",
    "        '''\n",
    "        Parameters\n",
    "        ----------\n",
    "        objfun : a user defined objective function of para\n",
    "            \n",
    "        para : a 1-D array with the shape (k,), where k is the number of parameters.\n",
    "        Returns\n",
    "        -------\n",
    "        dict\n",
    "            A dictionary containing estimation results\n",
    "        '''\n",
    "        v = opt.minimize(objfun, x0=para, jac=None, method='BFGS', \n",
    "                          options={'maxiter': 1000, 'disp': True})  \n",
    "        return {'log_likelihood':-1*v.fun, \"Coefficients\": v.x, \"Var_Cov\": v.hess_inv}"
   ]
  },
  {
   "cell_type": "code",
   "execution_count": 5,
   "id": "b8c09960-2582-4242-a9f1-59db771b1a15",
   "metadata": {},
   "outputs": [],
   "source": [
    "class BinaryLogit(ChoiceModels):\n",
    "    '''\n",
    "    This class is to estimate a binary logit nodel by MLE.  \n",
    "    '''\n",
    "    def __init__(self, path, file, yname, x=None, z=None, interactions=None):\n",
    "        df = super().load_data(path, file)\n",
    "        if x is None:\n",
    "            x = []\n",
    "        if z is None:\n",
    "            z = []\n",
    "        if interactions is None:\n",
    "            xz = []\n",
    "            self.df = df\n",
    "        else:\n",
    "            self.df, xz = super().create_interactions(df, interactions)\n",
    "            \n",
    "        self.X_list = ['cons'] + x + z + xz\n",
    "        self.Xmat = self.df[self.X_list].to_numpy()\n",
    "        self.y = self.df[yname].to_numpy()\n",
    "        \n",
    "    def log_likelihood(self, para):\n",
    "        '''\n",
    "        Returns\n",
    "        -------\n",
    "        res : scalar\n",
    "            log-likelihood value\n",
    "\n",
    "        '''\n",
    "        xb = np.matmul(self.Xmat, para)\n",
    "        xb = np.exp(xb)\n",
    "        xb = xb / (1+xb) #sjt\n",
    "        return (-1/len(xb)) * np.sum(self.y * np.log(xb) + (1-self.y) * np.log(1 - xb))\n",
    "   \n",
    "    def estimation(self, para):\n",
    "        '''\n",
    "        Returns\n",
    "        -------\n",
    "        A dictionary of estimation results\n",
    "        '''\n",
    "        return super().optimization(self.log_likelihood, para)\n"
   ]
  },
  {
   "cell_type": "code",
   "execution_count": 6,
   "id": "f2f1714b-414d-4425-acdc-e73c2ed8af0e",
   "metadata": {},
   "outputs": [
    {
     "name": "stdout",
     "output_type": "stream",
     "text": [
      "Optimization terminated successfully.\n",
      "         Current function value: 0.595534\n",
      "         Iterations: 32\n",
      "         Function evaluations: 306\n",
      "         Gradient evaluations: 34\n",
      " \n",
      "Question 1: Y=Trans\n",
      " \n",
      "{'log_likelihood': -0.5955342602669939, 'Coefficients': array([-0.36607586, -0.31970981, -0.18845208,  0.60599558,  0.8099458 ,\n",
      "       -0.127574  ,  0.66246452,  0.41293508]), 'Var_Cov': array([[ 1.13953640e+02, -3.26341347e+01, -2.77850586e+00,\n",
      "        -7.34637869e+00, -1.06898544e+01, -6.70605752e+00,\n",
      "        -1.50369949e+00,  5.14933615e-01],\n",
      "       [-3.26341347e+01,  1.64607423e+01,  4.03091620e+00,\n",
      "         1.45874617e+00,  1.18015099e+00,  5.87001593e-01,\n",
      "        -7.61627656e-01, -1.28664327e+00],\n",
      "       [-2.77850586e+00,  4.03091620e+00,  2.88392988e+00,\n",
      "         8.49730863e-01, -8.31363069e-02,  1.84063151e-01,\n",
      "        -1.74198482e-01, -4.50394933e-03],\n",
      "       [-7.34637869e+00,  1.45874617e+00,  8.49730863e-01,\n",
      "         1.87999815e+01,  1.88843943e+00, -3.22073077e-01,\n",
      "         5.64943593e-01,  2.83318261e-01],\n",
      "       [-1.06898544e+01,  1.18015099e+00, -8.31363069e-02,\n",
      "         1.88843943e+00,  1.73076106e+01, -1.19851027e+00,\n",
      "         3.24819361e-01,  2.04033712e-01],\n",
      "       [-6.70605752e+00,  5.87001593e-01,  1.84063151e-01,\n",
      "        -3.22073077e-01, -1.19851027e+00,  1.94569672e+00,\n",
      "        -1.83559730e-01, -2.86564426e-01],\n",
      "       [-1.50369949e+00, -7.61627656e-01, -1.74198482e-01,\n",
      "         5.64943593e-01,  3.24819361e-01, -1.83559730e-01,\n",
      "         4.56492940e+00,  1.09232726e+00],\n",
      "       [ 5.14933615e-01, -1.28664327e+00, -4.50394933e-03,\n",
      "         2.83318261e-01,  2.04033712e-01, -2.86564426e-01,\n",
      "         1.09232726e+00,  2.93143753e+00]])}\n"
     ]
    }
   ],
   "source": [
    "#####################################\n",
    "#Question 1 \n",
    "#Develop a binary choice model on commuters’ transponder acquisition decision.\n",
    "#####################################\n",
    "\n",
    "if __name__ == '__main__':\n",
    "    path = r\"iCloudDrive/Documents/Econs 514 (Metrics IV)/Assignment1\"\n",
    "    file = \"assignment1_data.txt\"\n",
    "    \n",
    "    ## estimating binary models\n",
    "    x = ['toll', 'median']\n",
    "    z = ['female', 'age3050', 'householdsize']\n",
    "    interactions = [('toll', 'high_income'), ('toll', 'med_income')]\n",
    "    trans = BinaryLogit(path, file, \"trans\", x=x, z=z, interactions=interactions)\n",
    "    bini = np.zeros(len(trans.X_list))\n",
    "    res_binary = trans.estimation(bini)\n",
    "\n",
    "print(\" \")\n",
    "print(\"Question 1: Y=Trans\")\n",
    "print(\" \")\n",
    "print(res_binary)"
   ]
  },
  {
   "cell_type": "code",
   "execution_count": 112,
   "id": "9cdda38f-b6ed-4877-ac21-18adedfa3564",
   "metadata": {},
   "outputs": [
    {
     "name": "stdout",
     "output_type": "stream",
     "text": [
      "Optimization terminated successfully.\n",
      "         Current function value: 0.595534\n",
      "         Iterations 5\n"
     ]
    },
    {
     "data": {
      "text/html": [
       "<table class=\"simpletable\">\n",
       "<caption>Logit Regression Results</caption>\n",
       "<tr>\n",
       "  <th>Dep. Variable:</th>         <td>trans</td>      <th>  No. Observations:  </th>  <td>   438</td>  \n",
       "</tr>\n",
       "<tr>\n",
       "  <th>Model:</th>                 <td>Logit</td>      <th>  Df Residuals:      </th>  <td>   430</td>  \n",
       "</tr>\n",
       "<tr>\n",
       "  <th>Method:</th>                 <td>MLE</td>       <th>  Df Model:          </th>  <td>     7</td>  \n",
       "</tr>\n",
       "<tr>\n",
       "  <th>Date:</th>            <td>Tue, 31 Jan 2023</td> <th>  Pseudo R-squ.:     </th>  <td>0.1206</td>  \n",
       "</tr>\n",
       "<tr>\n",
       "  <th>Time:</th>                <td>21:30:04</td>     <th>  Log-Likelihood:    </th> <td> -260.84</td> \n",
       "</tr>\n",
       "<tr>\n",
       "  <th>converged:</th>             <td>True</td>       <th>  LL-Null:           </th> <td> -296.62</td> \n",
       "</tr>\n",
       "<tr>\n",
       "  <th>Covariance Type:</th>     <td>nonrobust</td>    <th>  LLR p-value:       </th> <td>7.198e-13</td>\n",
       "</tr>\n",
       "</table>\n",
       "<table class=\"simpletable\">\n",
       "<tr>\n",
       "        <td></td>           <th>coef</th>     <th>std err</th>      <th>z</th>      <th>P>|z|</th>  <th>[0.025</th>    <th>0.975]</th>  \n",
       "</tr>\n",
       "<tr>\n",
       "  <th>Intercept</th>     <td>   -0.3661</td> <td>    0.542</td> <td>   -0.676</td> <td> 0.499</td> <td>   -1.428</td> <td>    0.696</td>\n",
       "</tr>\n",
       "<tr>\n",
       "  <th>toll</th>          <td>   -0.3197</td> <td>    0.210</td> <td>   -1.519</td> <td> 0.129</td> <td>   -0.732</td> <td>    0.093</td>\n",
       "</tr>\n",
       "<tr>\n",
       "  <th>median</th>        <td>   -0.1885</td> <td>    0.087</td> <td>   -2.165</td> <td> 0.030</td> <td>   -0.359</td> <td>   -0.018</td>\n",
       "</tr>\n",
       "<tr>\n",
       "  <th>female</th>        <td>    0.6060</td> <td>    0.235</td> <td>    2.579</td> <td> 0.010</td> <td>    0.145</td> <td>    1.066</td>\n",
       "</tr>\n",
       "<tr>\n",
       "  <th>age3050</th>       <td>    0.8100</td> <td>    0.224</td> <td>    3.614</td> <td> 0.000</td> <td>    0.371</td> <td>    1.249</td>\n",
       "</tr>\n",
       "<tr>\n",
       "  <th>householdsize</th> <td>   -0.1276</td> <td>    0.072</td> <td>   -1.766</td> <td> 0.077</td> <td>   -0.269</td> <td>    0.014</td>\n",
       "</tr>\n",
       "<tr>\n",
       "  <th>toll_high</th>     <td>    0.6625</td> <td>    0.115</td> <td>    5.764</td> <td> 0.000</td> <td>    0.437</td> <td>    0.888</td>\n",
       "</tr>\n",
       "<tr>\n",
       "  <th>toll_med</th>      <td>    0.4129</td> <td>    0.087</td> <td>    4.772</td> <td> 0.000</td> <td>    0.243</td> <td>    0.583</td>\n",
       "</tr>\n",
       "</table>"
      ],
      "text/plain": [
       "<class 'statsmodels.iolib.summary.Summary'>\n",
       "\"\"\"\n",
       "                           Logit Regression Results                           \n",
       "==============================================================================\n",
       "Dep. Variable:                  trans   No. Observations:                  438\n",
       "Model:                          Logit   Df Residuals:                      430\n",
       "Method:                           MLE   Df Model:                            7\n",
       "Date:                Tue, 31 Jan 2023   Pseudo R-squ.:                  0.1206\n",
       "Time:                        21:30:04   Log-Likelihood:                -260.84\n",
       "converged:                       True   LL-Null:                       -296.62\n",
       "Covariance Type:            nonrobust   LLR p-value:                 7.198e-13\n",
       "=================================================================================\n",
       "                    coef    std err          z      P>|z|      [0.025      0.975]\n",
       "---------------------------------------------------------------------------------\n",
       "Intercept        -0.3661      0.542     -0.676      0.499      -1.428       0.696\n",
       "toll             -0.3197      0.210     -1.519      0.129      -0.732       0.093\n",
       "median           -0.1885      0.087     -2.165      0.030      -0.359      -0.018\n",
       "female            0.6060      0.235      2.579      0.010       0.145       1.066\n",
       "age3050           0.8100      0.224      3.614      0.000       0.371       1.249\n",
       "householdsize    -0.1276      0.072     -1.766      0.077      -0.269       0.014\n",
       "toll_high         0.6625      0.115      5.764      0.000       0.437       0.888\n",
       "toll_med          0.4129      0.087      4.772      0.000       0.243       0.583\n",
       "=================================================================================\n",
       "\"\"\""
      ]
     },
     "execution_count": 112,
     "metadata": {},
     "output_type": "execute_result"
    }
   ],
   "source": [
    "#check - https://www.pythonfordatascience.org/logistic-regression-python/\n",
    "import statsmodels.formula.api as smf\n",
    "\n",
    "df['toll_high']=df['toll']*df['high_income']\n",
    "df['toll_med']=df['toll']*df['med_income']\n",
    "\n",
    "q1_check = smf.logit(\"trans ~ toll + median + female + age3050 + householdsize + toll_high + toll_med\", data = df).fit()\n",
    "\n",
    "q1_check.summary()\n",
    "\n"
   ]
  },
  {
   "cell_type": "code",
   "execution_count": 21,
   "id": "d07884f7-cfef-49a7-aba8-723efe01ba0b",
   "metadata": {},
   "outputs": [],
   "source": [
    "class MultinomialLogit(ChoiceModels):\n",
    "\n",
    "    # Specify model here    \n",
    "    model_config = {\"Alternatives\":\n",
    "                    {\"0\": {\"occupanc\": 1, \"route\": 1},\n",
    "                     \"1\": {\"occupanc\": 1, \"route\": 0},\n",
    "                     \"2\": {\"occupanc\": 2, \"route\": 1},\n",
    "                     \"3\": {\"occupanc\": 2, \"route\": 0},\n",
    "                     \"4\": {\"occupanc\": 3, \"route\": 1},\n",
    "                     \"5\": {\"occupanc\": 3, \"route\": 0}},\n",
    "                    \"Attributes\":{'express_dummy':{'variable':'cons', \n",
    "                                                   'rule':{\"0\":1,\"2\":1,\"4\":1}},\n",
    "                                  'hov2_dummy':{'variable':'cons', \n",
    "                                               'rule':{\"2\":1,\"3\":1}},\n",
    "                                  \"hov3_dummy\":{'variable':'cons', \n",
    "                                                'rule':{\"4\":1,\"5\":1}},\n",
    "                                  \"price\":{\"variable\": 'toll', \n",
    "                                           \"rule\": {\"0\":1,\"2\":1/2,\"4\":1/6}},\n",
    "                                  \"time\": {\"variable\":\"median\", \n",
    "                                           \"rule\":{\"0\":1,\"2\":1,\"4\":1}}},\n",
    "                    \"Interactions\":[('price', \"high_income\"), ('price', \"med_income\"),\n",
    "                                    (\"hov2_dummy\", \"householdsize\"),\n",
    "                                    (\"hov3_dummy\", \"householdsize\")]}  \n",
    "    \n",
    "    def __init__(self, path, file):\n",
    "        df = super().load_data(path, file)\n",
    "        res = super().create_choice_attributes(df, MultinomialLogit.model_config)\n",
    "        self.df = res['data']\n",
    "        self.X_list = res['var_names']\n",
    "        self.y = self.df['y'].to_numpy()\n",
    "        self.Xmat = self.df[self.X_list].to_numpy()\n",
    "        \n",
    "\n",
    "               \n",
    "    def mnl_log_likelihood(self, para):\n",
    "        '''\n",
    "        This method defines the data log-likelihood from a Multinomial Logit.\n",
    "        '''\n",
    "        df = self.df.copy()\n",
    "        xb = np.matmul(self.Xmat, para)\n",
    "        xb = np.exp(xb)\n",
    "        df['xb'] = xb.tolist()\n",
    "        \n",
    "        # group sum\n",
    "        df['xbsum'] = df.groupby(['id'])[\"xb\"].transform(lambda x: x.sum())\n",
    "        df['log_likelihood'] = df['y']*np.log(df['xb'] / df['xbsum'])\n",
    "        return (-1/len(df))* np.sum(df['log_likelihood'])\n",
    " \n",
    "    def estimation(self, para):\n",
    "        '''\n",
    "        Parameters\n",
    "        ----------\n",
    "        para : array\n",
    "            a 1-D array with the shape(k,), where k is the number of model parameters.\n",
    "\n",
    "        Returns\n",
    "        -------\n",
    "        A dictionary of estimation results\n",
    "        '''\n",
    "        return super().optimization(self.mnl_log_likelihood, para)\n",
    "    "
   ]
  },
  {
   "cell_type": "code",
   "execution_count": 22,
   "id": "e9779142-c03e-4d48-9104-516c843ee510",
   "metadata": {},
   "outputs": [
    {
     "name": "stdout",
     "output_type": "stream",
     "text": [
      "Optimization terminated successfully.\n",
      "         Current function value: 0.221286\n",
      "         Iterations: 54\n",
      "         Function evaluations: 550\n",
      "         Gradient evaluations: 55\n",
      " \n",
      "Question 2: Y=Occup, Route\n",
      " \n",
      "{'log_likelihood': -0.22128648216886576, 'Coefficients': array([-0.88781567, -1.25891228, -2.96283412, -0.4990075 , -0.15584211,\n",
      "        0.46693719,  0.20726772, -0.01782022,  0.17530502]), 'Var_Cov': array([[ 2.27899622e+02, -3.36754857e+01, -5.79812950e+01,\n",
      "        -5.43229334e+01,  3.07847216e+01,  1.15939256e+01,\n",
      "         3.44012628e+00,  2.43455578e+00,  1.51951180e+00],\n",
      "       [-3.36754857e+01,  2.11694985e+02,  1.13208711e+02,\n",
      "         2.04586348e+01,  2.88133381e+00, -5.25914722e-01,\n",
      "        -4.03391664e+00, -4.94463371e+01, -2.35635379e+01],\n",
      "       [-5.79812950e+01,  1.13208711e+02,  4.55298209e+02,\n",
      "         3.04472851e+01,  2.71671989e+00, -6.00135801e-01,\n",
      "        -3.23106498e+00, -2.50320203e+01, -9.94360467e+01],\n",
      "       [-5.43229334e+01,  2.04586348e+01,  3.04472851e+01,\n",
      "         5.00688198e+01,  4.69806858e+00, -2.46270556e+01,\n",
      "        -2.35486515e+01, -2.70657121e+00, -6.08860706e-01],\n",
      "       [ 3.07847216e+01,  2.88133381e+00,  2.71671989e+00,\n",
      "         4.69806858e+00,  1.28308567e+01,  4.83883011e-01,\n",
      "        -1.13361395e+00, -3.94914485e-01,  1.88100547e-01],\n",
      "       [ 1.15939256e+01, -5.25914722e-01, -6.00135801e-01,\n",
      "        -2.46270556e+01,  4.83883011e-01,  3.61628114e+01,\n",
      "         2.13586240e+01,  8.10146856e-01,  6.98937368e-02],\n",
      "       [ 3.44012628e+00, -4.03391664e+00, -3.23106498e+00,\n",
      "        -2.35486515e+01, -1.13361395e+00,  2.13586240e+01,\n",
      "         3.34670000e+01,  1.65624731e+00,  7.01853501e-01],\n",
      "       [ 2.43455578e+00, -4.94463371e+01, -2.50320203e+01,\n",
      "        -2.70657121e+00, -3.94914485e-01,  8.10146856e-01,\n",
      "         1.65624731e+00,  1.39550767e+01,  6.47452157e+00],\n",
      "       [ 1.51951180e+00, -2.35635379e+01, -9.94360467e+01,\n",
      "        -6.08860706e-01,  1.88100547e-01,  6.98937368e-02,\n",
      "         7.01853501e-01,  6.47452157e+00,  2.75565322e+01]])}\n"
     ]
    }
   ],
   "source": [
    "#####################################\n",
    "#Question 2\n",
    "#Develop a multinomial choice model on commuters joint occ/route\n",
    "#####################################\n",
    "\n",
    "if __name__ == '__main__':\n",
    "    path = r\"iCloudDrive/Documents/Econs 514 (Metrics IV)/Assignment1\"\n",
    "    file = \"assignment1_data.txt\"\n",
    "    \n",
    "    ## estimating a MNL model\n",
    "    mnl = MultinomialLogit(path, file)\n",
    "    bini = np.zeros(len(mnl.X_list))\n",
    "    res_mnl = mnl.estimation(bini)\n",
    "    \n",
    "print(\" \")\n",
    "print(\"Question 2: Y=Occup, Route\")\n",
    "print(\" \")\n",
    "print(res_mnl)"
   ]
  },
  {
   "cell_type": "code",
   "execution_count": 40,
   "id": "c3210684-241c-4e52-8f13-f214b3abef99",
   "metadata": {},
   "outputs": [],
   "source": [
    "class NestedLogit(ChoiceModels):\n",
    "\n",
    "    # Specify model here    \n",
    "    model_config = {\"Alternatives\":\n",
    "                    {\"0\": {\"trans\": 1, \"occupanc\": 1, \"route\": 1},\n",
    "                     \"1\": {\"trans\": 1, \"occupanc\": 1, \"route\": 0},\n",
    "                     \"2\": {\"trans\": 1, \"occupanc\": 2, \"route\": 1},\n",
    "                     \"3\": {\"trans\": 1, \"occupanc\": 2, \"route\": 0},\n",
    "                     \"4\": {\"trans\": 1, \"occupanc\": 3, \"route\": 1},\n",
    "                     \"5\": {\"trans\": 1, \"occupanc\": 3, \"route\": 0},\n",
    "                     \"6\": {\"trans\": 0, \"occupanc\": 1, \"route\": 0},\n",
    "                     \"7\": {\"trans\": 0, \"occupanc\": 2, \"route\": 0},\n",
    "                     \"8\": {\"trans\": 0, \"occupanc\": 3, \"route\": 0}},\n",
    "                    \"Nests\": {\"0\":{\"0\": [\"0\", \"1\"], \"1\": [\"2\", \"3\"], \n",
    "                                   \"2\": [\"4\", \"5\"]},\"1\":[\"6\", \"7\", \"8\"]},\n",
    "                    \"Attributes\":{'trans_dummy':{'variable': 'cons', \n",
    "                                                 'rule':{\"0\":1,\"1\":1,\n",
    "                                                         \"2\":1,\"3\":1,\"4\":1,\"5\":1}},\n",
    "                                  'express_dummy':{'variable':'cons', \n",
    "                                                   'rule':{\"0\":1,\"2\":1,\"4\":1}},\n",
    "                                  'hov2_dummy':{'variable':'cons', \n",
    "                                               'rule':{\"2\":1,\"3\":1,\"7\":1}},\n",
    "                                  \"hov3_dummy\":{'variable':'cons', \n",
    "                                                'rule':{\"4\":1,\"5\":1,\"8\":1}},\n",
    "                                  \"price\":{\"variable\": 'toll', \n",
    "                                           \"rule\": {\"0\":1,\"2\":1/2,\"4\":1/6}},\n",
    "                                  \"time\": {\"variable\":\"median\", \n",
    "                                           \"rule\":{\"0\":1,\"2\":1,\"4\":1}}},\n",
    "                    \"Interactions\":[('price', \"high_income\"), ('price', \"med_income\"),\n",
    "                                    (\"hov2_dummy\", \"householdsize\"),\n",
    "                                    (\"hov3_dummy\", \"householdsize\")]}\n",
    "    \n",
    "    \n",
    "    def __init__(self, path, file):\n",
    "        df = super().load_data(path, file)\n",
    "        res = super().create_choice_attributes(df, NestedLogit.model_config)\n",
    "        self.df = res['data']\n",
    "        self.X_list = res['var_names']\n",
    "        self.y = self.df['y'].to_numpy()\n",
    "        self.Xmat = self.df[self.X_list].to_numpy()\n",
    "        \n",
    "               \n",
    "    def log_likelihood(self, para):\n",
    "        df = self.df.copy()\n",
    "        xb = np.matmul(self.Xmat, para)\n",
    "        l = np.exp(xb)\n",
    "        xb = np.exp(xb/l)\n",
    "        df['xb'] = xb.tolist()\n",
    "        \n",
    "\n",
    "        # group sum\n",
    "        df['xbsum'] = df.groupby(['id'])[\"xb\"].transform(lambda x: x.sum())\n",
    "        df['nom_1'] = df['xbsum']**(l-1)\n",
    "        df['nom_2'] = df['xb']*df['nom_1']\n",
    "        df['denom_1'] = df['xbsum']**l\n",
    "        df['denom_2']  = np.sum(df['denom_1'])\n",
    "        df['log_likelihood'] = df['y']*np.log(df['nom_2']/df['denom_2'])\n",
    "        return (-1/len(df))*np.sum(df['log_likelihood'])\n",
    " \n",
    "    def estimation(self, para):\n",
    "        return super().optimization(self.log_likelihood, para)\n"
   ]
  },
  {
   "cell_type": "code",
   "execution_count": 41,
   "id": "7b9d743f-3ec7-4858-a4b8-746761ab977d",
   "metadata": {},
   "outputs": [
    {
     "name": "stdout",
     "output_type": "stream",
     "text": [
      "Optimization terminated successfully.\n",
      "         Current function value: 1.099421\n",
      "         Iterations: 36\n",
      "         Function evaluations: 429\n",
      "         Gradient evaluations: 39\n",
      " \n",
      "Question 3: Y=Trans,Occu,Route\n",
      " \n",
      "{'log_likelihood': -1.0994213113063216, 'Coefficients': array([ 0.07711654, -0.08064035, -0.60432807, -1.12793525, -0.19948298,\n",
      "       -0.05265958,  0.19875186,  0.09547242, -0.01648087,  0.0409737 ]), 'Var_Cov': array([[ 7.64278998e+00, -3.61638678e+00, -1.87655921e+00,\n",
      "        -2.29730722e+00, -6.59441632e-01,  8.74745834e-02,\n",
      "        -1.80374899e-01,  3.54707824e-01, -1.31795783e-01,\n",
      "        -1.63049371e-01],\n",
      "       [-3.61638678e+00,  3.08427089e+01, -1.17563904e+00,\n",
      "        -2.41155207e+00, -6.39127150e+00,  4.05273246e+00,\n",
      "         8.66061398e-01, -3.39221891e-01, -5.30581727e-02,\n",
      "        -2.55382282e-01],\n",
      "       [-1.87655921e+00, -1.17563904e+00,  2.58506359e+01,\n",
      "         3.24012448e+00,  8.13481579e-01, -1.56258844e-01,\n",
      "        -3.99056854e-01, -1.11084531e-01, -5.61499754e+00,\n",
      "        -2.63218734e-01],\n",
      "       [-2.29730722e+00, -2.41155207e+00,  3.24012448e+00,\n",
      "         3.31044169e+01,  3.86541465e+00,  8.26972093e-01,\n",
      "        -1.34487260e+00,  6.77268966e-02, -1.32121166e-01,\n",
      "        -6.81022822e+00],\n",
      "       [-6.59441632e-01, -6.39127150e+00,  8.13481579e-01,\n",
      "         3.86541465e+00,  8.52372416e+00,  7.47608462e-01,\n",
      "        -4.06048501e+00, -3.37026127e+00,  1.40740341e-01,\n",
      "        -9.30790123e-02],\n",
      "       [ 8.74745834e-02,  4.05273246e+00, -1.56258844e-01,\n",
      "         8.26972093e-01,  7.47608462e-01,  1.65998812e+00,\n",
      "         1.79159645e-02,  7.06423282e-02,  7.26771692e-02,\n",
      "        -1.11731003e-01],\n",
      "       [-1.80374899e-01,  8.66061398e-01, -3.99056854e-01,\n",
      "        -1.34487260e+00, -4.06048501e+00,  1.79159645e-02,\n",
      "         6.57904143e+00,  3.49089449e+00,  7.90550399e-02,\n",
      "         2.40127364e-01],\n",
      "       [ 3.54707824e-01, -3.39221891e-01, -1.11084531e-01,\n",
      "         6.77268966e-02, -3.37026127e+00,  7.06423282e-02,\n",
      "         3.49089449e+00,  6.61062607e+00,  1.67536879e-02,\n",
      "        -3.21280086e-02],\n",
      "       [-1.31795783e-01, -5.30581727e-02, -5.61499754e+00,\n",
      "        -1.32121166e-01,  1.40740341e-01,  7.26771692e-02,\n",
      "         7.90550399e-02,  1.67536879e-02,  1.70676043e+00,\n",
      "        -1.23201584e-02],\n",
      "       [-1.63049371e-01, -2.55382282e-01, -2.63218734e-01,\n",
      "        -6.81022822e+00, -9.30790123e-02, -1.11731003e-01,\n",
      "         2.40127364e-01, -3.21280086e-02, -1.23201584e-02,\n",
      "         1.83425154e+00]])}\n"
     ]
    }
   ],
   "source": [
    "#####################################\n",
    "#Question 3 \n",
    "#Develop a nested-logit model in which commuters first choose to \n",
    "#acquire trans, then car occupancy, then road\n",
    "#####################################\n",
    "\n",
    "if __name__ == '__main__':\n",
    "    path = r\"iCloudDrive/Documents/Econs 514 (Metrics IV)/Assignment1\"\n",
    "    file = \"assignment1_data.txt\"\n",
    "    \n",
    "    nl = NestedLogit(path, file)\n",
    "    bini = np.zeros(len(nl.X_list))\n",
    "    res_nl = nl.estimation(bini)\n",
    "    \n",
    "print(\" \")\n",
    "print(\"Question 3: Y=Trans,Occu,Route\")\n",
    "print(\" \")\n",
    "print(res_nl)"
   ]
  },
  {
   "cell_type": "code",
   "execution_count": 42,
   "id": "6dd5d8af-b175-43b1-ad7b-a9bb557cb81a",
   "metadata": {},
   "outputs": [
    {
     "name": "stdout",
     "output_type": "stream",
     "text": [
      "Optimization terminated successfully.\n",
      "         Current function value: 1.123897\n",
      "         Iterations: 44\n",
      "         Function evaluations: 495\n",
      "         Gradient evaluations: 45\n",
      " \n",
      "Question 3: Y=Trans,Occu,Route\n",
      " \n",
      "{'log_likelihood': -1.1238965702363601, 'Coefficients': array([-0.11506893, -0.02732602, -0.6202826 , -1.47213572, -0.23992951,\n",
      "       -0.07206926,  0.21502084,  0.09809429, -0.01131114,  0.08562851]), 'Var_Cov': array([[ 9.81819239e+00, -6.14630392e+00, -8.86734350e-01,\n",
      "         3.75235587e-01, -1.83488030e-01, -2.28454053e-01,\n",
      "         1.81442206e-01,  2.34333919e-02,  3.09330187e-01,\n",
      "        -5.09633634e-02],\n",
      "       [-6.14630392e+00,  9.35516403e+01, -3.65674750e+00,\n",
      "        -2.21628027e+01, -2.38695057e+01,  1.04396523e+01,\n",
      "         2.86226041e+00,  2.52256066e+00, -1.22160703e+00,\n",
      "         8.69662570e-01],\n",
      "       [-8.86734350e-01, -3.65674750e+00,  7.11646568e+01,\n",
      "         2.73947869e+01,  4.81924010e+00,  1.72738305e+00,\n",
      "        -2.17473576e+00, -8.70028511e-01, -1.69267818e+01,\n",
      "        -5.55832217e+00],\n",
      "       [ 3.75235587e-01, -2.21628027e+01,  2.73947869e+01,\n",
      "         1.65490775e+02,  1.21137975e+01,  4.80066117e-01,\n",
      "        -2.97266778e+00, -1.27003373e+00, -5.91989901e+00,\n",
      "        -3.49780196e+01],\n",
      "       [-1.83488030e-01, -2.38695057e+01,  4.81924010e+00,\n",
      "         1.21137975e+01,  1.96754271e+01,  1.50015693e+00,\n",
      "        -8.13793153e+00, -8.10023689e+00, -6.06452219e-02,\n",
      "        -5.85509470e-01],\n",
      "       [-2.28454053e-01,  1.04396523e+01,  1.72738305e+00,\n",
      "         4.80066117e-01,  1.50015693e+00,  4.56296687e+00,\n",
      "         1.13271662e-01,  7.03617447e-03, -2.48149651e-01,\n",
      "         1.28725678e-01],\n",
      "       [ 1.81442206e-01,  2.86226041e+00, -2.17473576e+00,\n",
      "        -2.97266778e+00, -8.13793153e+00,  1.13271662e-01,\n",
      "         1.23516766e+01,  7.39070559e+00,  5.88654206e-01,\n",
      "         5.30767987e-01],\n",
      "       [ 2.34333919e-02,  2.52256066e+00, -8.70028511e-01,\n",
      "        -1.27003373e+00, -8.10023689e+00,  7.03617447e-03,\n",
      "         7.39070559e+00,  1.12116555e+01,  2.66253916e-01,\n",
      "         4.04621478e-01],\n",
      "       [ 3.09330187e-01, -1.22160703e+00, -1.69267818e+01,\n",
      "        -5.91989901e+00, -6.06452219e-02, -2.48149651e-01,\n",
      "         5.88654206e-01,  2.66253916e-01,  5.09689226e+00,\n",
      "         1.63639738e+00],\n",
      "       [-5.09633634e-02,  8.69662570e-01, -5.55832217e+00,\n",
      "        -3.49780196e+01, -5.85509470e-01,  1.28725678e-01,\n",
      "         5.30767987e-01,  4.04621478e-01,  1.63639738e+00,\n",
      "         9.33654206e+00]])}\n"
     ]
    }
   ],
   "source": [
    "#specifying l =0.5 here to test results from Question 3\n",
    "class NestedLogit(ChoiceModels):\n",
    "\n",
    "    # Specify model here    \n",
    "    model_config = {\"Alternatives\":\n",
    "                    {\"0\": {\"trans\": 1, \"occupanc\": 1, \"route\": 1},\n",
    "                     \"1\": {\"trans\": 1, \"occupanc\": 1, \"route\": 0},\n",
    "                     \"2\": {\"trans\": 1, \"occupanc\": 2, \"route\": 1},\n",
    "                     \"3\": {\"trans\": 1, \"occupanc\": 2, \"route\": 0},\n",
    "                     \"4\": {\"trans\": 1, \"occupanc\": 3, \"route\": 1},\n",
    "                     \"5\": {\"trans\": 1, \"occupanc\": 3, \"route\": 0},\n",
    "                     \"6\": {\"trans\": 0, \"occupanc\": 1, \"route\": 0},\n",
    "                     \"7\": {\"trans\": 0, \"occupanc\": 2, \"route\": 0},\n",
    "                     \"8\": {\"trans\": 0, \"occupanc\": 3, \"route\": 0}},\n",
    "                    \"Nests\": {\"0\":{\"0\": [\"0\", \"1\"], \"1\": [\"2\", \"3\"], \n",
    "                                   \"2\": [\"4\", \"5\"]},\"1\":[\"6\", \"7\", \"8\"]},\n",
    "                    \"Attributes\":{'trans_dummy':{'variable': 'cons', \n",
    "                                                 'rule':{\"0\":1,\"1\":1,\n",
    "                                                         \"2\":1,\"3\":1,\"4\":1,\"5\":1}},\n",
    "                                  'express_dummy':{'variable':'cons', \n",
    "                                                   'rule':{\"0\":1,\"2\":1,\"4\":1}},\n",
    "                                  'hov2_dummy':{'variable':'cons', \n",
    "                                               'rule':{\"2\":1,\"3\":1,\"7\":1}},\n",
    "                                  \"hov3_dummy\":{'variable':'cons', \n",
    "                                                'rule':{\"4\":1,\"5\":1,\"8\":1}},\n",
    "                                  \"price\":{\"variable\": 'toll', \n",
    "                                           \"rule\": {\"0\":1,\"2\":1/2,\"4\":1/6}},\n",
    "                                  \"time\": {\"variable\":\"median\", \n",
    "                                           \"rule\":{\"0\":1,\"2\":1,\"4\":1}}},\n",
    "                    \"Interactions\":[('price', \"high_income\"), ('price', \"med_income\"),\n",
    "                                    (\"hov2_dummy\", \"householdsize\"),\n",
    "                                    (\"hov3_dummy\", \"householdsize\")]}\n",
    "    \n",
    "    \n",
    "    def __init__(self, path, file):\n",
    "        df = super().load_data(path, file)\n",
    "        res = super().create_choice_attributes(df, NestedLogit.model_config)\n",
    "        self.df = res['data']\n",
    "        self.X_list = res['var_names']\n",
    "        self.y = self.df['y'].to_numpy()\n",
    "        self.Xmat = self.df[self.X_list].to_numpy()\n",
    "        \n",
    "               \n",
    "    def log_likelihood(self, para):\n",
    "        df = self.df.copy()\n",
    "        xb = np.matmul(self.Xmat, para)\n",
    "        l = 0.5\n",
    "        xb = np.exp(xb/l)\n",
    "        df['xb'] = xb.tolist()\n",
    "        \n",
    "\n",
    "        # group sum\n",
    "        df['xbsum'] = df.groupby(['id'])[\"xb\"].transform(lambda x: x.sum())\n",
    "        df['nom_1'] = df['xbsum']**(l-1)\n",
    "        df['nom_2'] = df['xb']*df['nom_1']\n",
    "        df['denom_1'] = df['xbsum']**l\n",
    "        df['denom_2']  = np.sum(df['denom_1'])\n",
    "        df['log_likelihood'] = df['y']*np.log(df['nom_2']/df['denom_2'])\n",
    "        return (-1/len(df))*np.sum(df['log_likelihood'])\n",
    " \n",
    "    def estimation(self, para):\n",
    "        return super().optimization(self.log_likelihood, para)\n",
    "\n",
    "if __name__ == '__main__':\n",
    "    path = r\"iCloudDrive/Documents/Econs 514 (Metrics IV)/Assignment1\"\n",
